x = 100:2:200